sample_gene_list <- c("SOX1", "NOTCH", "WNT1", "POU5F1")
sample_mirna_list <- c("hsa-miR-548t-5p", "hsa-miR-144-3p", "hsa-miR-3936", "hsa-miR-185-5p")
sample_methyl_list <- c("chr6:31,132,114-31,138,451", "chr3:181429712-181432223", "chr12:7941995-7948655")